0	5.000000000000
1	5.000000000000
2	1.113281250000
3	1.143798828125
4	1.146240234375
5	1.138916015625
6	1.142578125000
7	1.143798828125
8	1.131591796875
9	1.140136718750
10	1.147460937500
11	1.129150390625
12	1.158447265625
13	1.131591796875
14	1.110839843750
15	1.153564453125
16	1.123046875000
17	1.147460937500
18	1.159667968750
19	1.127929687500
20	1.135253906250
21	1.142578125000
22	1.154785156250
23	1.140136718750
24	1.162109375000
25	1.136474609375
26	1.136474609375
27	1.136474609375
28	1.137695312500
29	1.123046875000
30	1.130371093750
31	1.146240234375
32	1.138916015625
33	1.127929687500
34	1.142578125000
35	1.145019531250
36	1.156005859375
37	1.147460937500
38	1.151123046875
39	1.134033203125
40	1.147460937500
41	1.135253906250
42	1.143798828125
43	1.149902343750
44	1.138916015625
45	1.145019531250
46	1.152343750000
47	1.149902343750
48	1.153564453125
49	1.132812500000
50	1.140136718750
51	1.152343750000
52	1.158447265625
53	1.149902343750
54	1.132812500000
55	1.141357421875
56	1.154785156250
57	1.134033203125
58	1.168212890625
59	1.131591796875
60	1.164550781250
61	1.135253906250
62	1.153564453125
63	1.152343750000
64	1.170654296875
65	1.141357421875
66	1.138916015625
67	1.148681640625
68	1.142578125000
69	1.159667968750
70	1.176757812500
71	1.148681640625
72	1.152343750000
73	1.156005859375
74	1.165771484375
75	1.152343750000
76	1.158447265625
77	1.131591796875
78	1.162109375000
79	1.143798828125
80	1.143798828125
81	1.162109375000
82	1.165771484375
83	1.165771484375
84	1.135253906250
85	1.148681640625
86	1.162109375000
87	1.165771484375
88	1.168212890625
89	1.147460937500
90	1.158447265625
91	1.175537109375
92	1.157226562500
93	1.163330078125
94	1.168212890625
95	1.156005859375
96	1.185302734375
97	1.174316406250
98	1.149902343750
99	1.153564453125
100	1.151123046875
101	1.166992187500
102	1.166992187500
103	1.177978515625
104	1.176757812500
105	1.141357421875
106	1.171875000000
107	1.191406250000
108	1.177978515625
109	1.166992187500
110	1.180419921875
111	1.141357421875
112	1.175537109375
113	1.175537109375
114	1.165771484375
115	1.182861328125
116	1.170654296875
117	1.170654296875
118	1.164550781250
119	1.159667968750
120	1.168212890625
121	1.180419921875
122	1.174316406250
123	1.149902343750
124	1.162109375000
125	1.171875000000
126	1.182861328125
127	1.185302734375
128	1.171875000000
129	1.166992187500
130	1.176757812500
131	1.180419921875
132	1.188964843750
133	1.158447265625
134	1.166992187500
135	1.190185546875
136	1.181640625000
137	1.174316406250
138	1.203613281250
139	1.174316406250
140	1.163330078125
141	1.187744140625
142	1.182861328125
143	1.184082031250
144	1.181640625000
145	1.174316406250
146	1.171875000000
147	1.197509765625
148	1.190185546875
149	1.166992187500
150	1.181640625000
151	1.176757812500
152	1.187744140625
153	1.180419921875
154	1.185302734375
155	1.166992187500
156	1.176757812500
157	1.160888671875
158	1.191406250000
159	1.197509765625
160	1.181640625000
161	1.173095703125
162	1.188964843750
163	1.180419921875
164	1.191406250000
165	1.177978515625
166	1.190185546875
167	1.180419921875
168	1.191406250000
169	1.179199218750
170	1.165771484375
171	1.195068359375
172	1.185302734375
173	1.184082031250
174	1.186523437500
175	1.181640625000
176	1.190185546875
177	1.181640625000
178	1.185302734375
179	1.208496093750
180	1.188964843750
181	1.186523437500
182	1.213378906250
183	1.179199218750
184	1.171875000000
185	1.191406250000
186	1.180419921875
187	1.199951171875
188	1.192626953125
189	1.176757812500
190	1.219482421875
191	1.187744140625
192	1.197509765625
193	1.181640625000
194	1.188964843750
195	1.185302734375
196	1.193847656250
197	1.218261718750
198	1.190185546875
199	1.191406250000
200	1.171875000000
201	1.175537109375
202	1.182861328125
203	1.201171875000
204	1.214599609375
205	1.192626953125
206	1.207275390625
207	1.185302734375
208	1.174316406250
209	1.201171875000
210	1.210937500000
211	1.214599609375
212	1.206054687500
213	1.166992187500
214	1.182861328125
215	1.207275390625
216	1.223144531250
217	1.190185546875
218	1.219482421875
219	1.215820312500
220	1.215820312500
221	1.197509765625
222	1.214599609375
223	1.209716796875
224	1.219482421875
225	1.175537109375
226	1.197509765625
227	1.215820312500
228	1.212158203125
229	1.221923828125
230	1.198730468750
231	1.198730468750
232	1.230468750000
233	1.220703125000
234	1.218261718750
235	1.201171875000
236	1.207275390625
237	1.179199218750
238	1.229248046875
239	1.196289062500
240	1.228027343750
241	1.195068359375
242	1.206054687500
243	1.191406250000
244	1.215820312500
245	1.199951171875
246	1.203613281250
247	1.210937500000
248	1.212158203125
249	1.199951171875
250	1.213378906250
251	1.237792968750
252	1.247558593750
253	1.202392578125
254	1.230468750000
255	1.198730468750
256	1.230468750000
257	1.206054687500
258	1.234130859375
259	1.230468750000
260	1.206054687500
261	1.224365234375
262	1.223144531250
263	1.217041015625
264	1.217041015625
265	1.220703125000
266	1.232910156250
267	1.209716796875
268	1.217041015625
269	1.231689453125
270	1.203613281250
271	1.229248046875
272	1.212158203125
273	1.225585937500
274	1.220703125000
275	1.218261718750
276	1.220703125000
277	1.239013671875
278	1.241455078125
279	1.223144531250
280	1.230468750000
281	1.230468750000
282	1.204833984375
283	1.229248046875
284	1.228027343750
285	1.224365234375
286	1.250000000000
287	1.235351562500
288	1.220703125000
289	1.209716796875
290	1.240234375000
291	1.197509765625
292	1.230468750000
293	1.239013671875
294	1.252441406250
295	1.223144531250
296	1.239013671875
297	1.229248046875
298	1.240234375000
299	1.221923828125
300	1.218261718750
301	1.224365234375
302	1.219482421875
303	1.212158203125
304	1.224365234375
305	1.242675781250
306	1.230468750000
307	1.246337890625
308	1.246337890625
309	1.228027343750
310	1.256103515625
311	1.237792968750
312	1.229248046875
313	1.219482421875
314	1.215820312500
315	1.217041015625
316	1.225585937500
317	1.228027343750
318	1.239013671875
319	1.239013671875
320	1.256103515625
321	1.252441406250
322	1.258544921875
323	1.245117187500
324	1.257324218750
325	1.250000000000
326	1.243896484375
327	1.250000000000
328	1.254882812500
329	1.250000000000
330	1.248779296875
331	1.254882812500
332	1.267089843750
333	1.253662109375
334	1.253662109375
335	1.250000000000
336	1.246337890625
337	1.246337890625
338	1.253662109375
339	1.250000000000
340	1.245117187500
341	1.260986328125
342	1.267089843750
343	1.264648437500
344	1.262207031250
345	1.263427734375
346	1.247558593750
347	1.265869140625
348	1.232910156250
349	1.254882812500
350	1.248779296875
351	1.253662109375
352	1.285400390625
353	1.235351562500
354	1.273193359375
355	1.257324218750
356	1.269531250000
357	1.256103515625
358	1.273193359375
359	1.256103515625
360	1.234130859375
361	1.260986328125
362	1.265869140625
363	1.263427734375
364	1.262207031250
365	1.264648437500
366	1.258544921875
367	1.240234375000
368	1.250000000000
369	1.250000000000
370	1.247558593750
371	1.225585937500
372	1.237792968750
373	1.248779296875
374	1.274414062500
375	1.267089843750
376	1.260986328125
377	1.254882812500
378	1.221923828125
379	1.269531250000
380	1.275634765625
381	1.268310546875
382	1.275634765625
383	1.273193359375
384	1.267089843750
385	1.276855468750
386	1.265869140625
387	1.263427734375
388	1.275634765625
389	1.268310546875
390	1.270751953125
391	1.247558593750
392	1.290283203125
393	1.271972656250
394	1.281738281250
395	1.285400390625
396	1.292724609375
397	1.279296875000
398	1.275634765625
399	1.285400390625
400	1.270751953125
401	1.263427734375
402	1.267089843750
403	1.280517578125
404	1.287841796875
405	1.284179687500
406	1.271972656250
407	1.298828125000
408	1.296386718750
409	1.274414062500
410	1.284179687500
411	1.290283203125
412	1.258544921875
413	1.303710937500
414	1.304931640625
415	1.269531250000
416	1.263427734375
417	1.250000000000
418	1.260986328125
419	1.281738281250
420	1.274414062500
421	1.268310546875
422	1.290283203125
423	1.307373046875
424	1.271972656250
425	1.274414062500
426	1.320800781250
427	1.297607421875
428	1.302490234375
429	1.281738281250
430	1.268310546875
431	1.270751953125
432	1.284179687500
433	1.292724609375
434	1.290283203125
435	1.300048828125
436	1.312255859375
437	1.256103515625
438	1.298828125000
439	1.281738281250
440	1.298828125000
441	1.289062500000
442	1.291503906250
443	1.290283203125
444	1.304931640625
445	1.262207031250
446	1.284179687500
447	1.286621093750
448	1.297607421875
449	1.278076171875
450	1.301269531250
451	1.297607421875
452	1.303710937500
453	1.313476562500
454	1.281738281250
455	1.271972656250
456	1.292724609375
457	1.287841796875
458	1.306152343750
459	1.307373046875
460	1.306152343750
461	1.286621093750
462	1.293945312500
463	1.290283203125
464	1.304931640625
465	1.274414062500
466	1.308593750000
467	1.320800781250
468	1.295166015625
469	1.278076171875
470	1.313476562500
471	1.303710937500
472	1.312255859375
473	1.287841796875
474	1.298828125000
475	1.306152343750
476	1.313476562500
477	1.307373046875
478	1.315917968750
479	1.307373046875
480	1.302490234375
481	1.281738281250
482	1.302490234375
483	1.314697265625
484	1.312255859375
485	1.287841796875
486	1.304931640625
487	1.291503906250
488	1.308593750000
489	1.331787109375
490	1.323242187500
491	1.324462890625
492	1.311035156250
493	1.300048828125
494	1.309814453125
495	1.313476562500
496	1.312255859375
497	1.304931640625
498	1.302490234375
499	1.314697265625
500	1.296386718750
501	1.319580078125
502	1.290283203125
503	1.303710937500
504	1.301269531250
505	1.314697265625
506	1.336669921875
507	1.323242187500
508	1.314697265625
509	1.304931640625
510	1.333007812500
511	1.303710937500
512	1.301269531250
513	1.324462890625
514	1.323242187500
515	1.314697265625
516	1.320800781250
517	1.324462890625
518	1.334228515625
519	1.302490234375
520	1.342773437500
521	1.325683593750
522	1.325683593750
523	1.335449218750
524	1.296386718750
525	1.329345703125
526	1.298828125000
527	1.302490234375
528	1.322021484375
529	1.320800781250
530	1.301269531250
531	1.330566406250
532	1.335449218750
533	1.348876953125
534	1.340332031250
535	1.304931640625
536	1.333007812500
537	1.322021484375
538	1.313476562500
539	1.308593750000
540	1.318359375000
541	1.357421875000
542	1.337890625000
543	1.331787109375
544	1.325683593750
545	1.320800781250
546	1.322021484375
547	1.341552734375
548	1.353759765625
549	1.304931640625
550	1.346435546875
551	1.368408203125
552	1.346435546875
553	1.343994140625
554	1.359863281250
555	1.341552734375
556	1.347656250000
557	1.333007812500
558	1.330566406250
559	1.313476562500
560	1.331787109375
561	1.356201171875
562	1.346435546875
563	1.333007812500
564	1.331787109375
565	1.339111328125
566	1.346435546875
567	1.323242187500
568	1.367187500000
569	1.347656250000
570	1.342773437500
571	1.312255859375
572	1.322021484375
573	1.333007812500
574	1.365966796875
575	1.323242187500
576	1.358642578125
577	1.362304687500
578	1.373291015625
579	1.357421875000
580	1.335449218750
581	1.361083984375
582	1.358642578125
583	1.345214843750
584	1.345214843750
585	1.361083984375
586	1.348876953125
587	1.353759765625
588	1.353759765625
589	1.352539062500
590	1.358642578125
591	1.339111328125
592	1.337890625000
593	1.361083984375
594	1.333007812500
595	1.347656250000
596	1.356201171875
597	1.350097656250
598	1.334228515625
599	1.337890625000
600	1.351318359375
601	1.362304687500
602	1.328125000000
603	1.359863281250
604	1.378173828125
605	1.365966796875
606	1.369628906250
607	1.370849609375
608	1.353759765625
609	1.341552734375
610	1.334228515625
611	1.365966796875
612	1.374511718750
613	1.370849609375
614	1.374511718750
615	1.379394531250
616	1.345214843750
617	1.368408203125
618	1.379394531250
619	1.342773437500
620	1.370849609375
621	1.380615234375
622	1.383056640625
623	1.387939453125
624	1.380615234375
625	1.358642578125
626	1.380615234375
627	1.346435546875
628	1.348876953125
629	1.374511718750
630	1.367187500000
631	1.379394531250
632	1.390380859375
633	1.375732421875
634	1.361083984375
635	1.343994140625
636	1.365966796875
637	1.370849609375
638	1.354980468750
639	1.364746093750
640	1.361083984375
641	1.381835937500
642	1.369628906250
643	1.387939453125
644	1.383056640625
645	1.352539062500
646	1.406250000000
647	1.379394531250
648	1.385498046875
649	1.346435546875
650	1.337890625000
651	1.351318359375
652	1.412353515625
653	1.350097656250
654	1.350097656250
655	1.381835937500
656	1.385498046875
657	1.381835937500
658	1.391601562500
659	1.347656250000
660	1.390380859375
661	1.383056640625
662	1.375732421875
663	1.400146484375
664	1.356201171875
665	1.372070312500
666	1.398925781250
667	1.350097656250
668	1.333007812500
669	1.357421875000
670	1.396484375000
671	1.406250000000
672	1.378173828125
673	1.375732421875
674	1.376953125000
675	1.401367187500
676	1.376953125000
677	1.395263671875
678	1.376953125000
679	1.409912109375
680	1.395263671875
681	1.398925781250
682	1.368408203125
683	1.408691406250
684	1.398925781250
685	1.401367187500
686	1.400146484375
687	1.400146484375
688	1.405029296875
689	1.375732421875
690	1.368408203125
691	1.385498046875
692	1.401367187500
693	1.386718750000
694	1.420898437500
695	1.354980468750
696	1.433105468750
697	1.363525390625
698	1.390380859375
699	1.424560546875
700	1.387939453125
701	1.379394531250
702	1.401367187500
703	1.417236328125
704	1.407470703125
705	1.372070312500
706	1.409912109375
707	1.420898437500
708	1.400146484375
709	1.397705078125
710	1.424560546875
711	1.402587890625
712	1.384277343750
713	1.405029296875
714	1.418457031250
715	1.424560546875
716	1.408691406250
717	1.403808593750
718	1.412353515625
719	1.412353515625
720	1.374511718750
721	1.407470703125
722	1.386718750000
723	1.386718750000
724	1.405029296875
725	1.397705078125
726	1.427001953125
727	1.406250000000
728	1.385498046875
729	1.386718750000
730	1.418457031250
731	1.414794921875
732	1.435546875000
733	1.401367187500
734	1.412353515625
735	1.428222656250
736	1.411132812500
737	1.378173828125
738	1.409912109375
739	1.403808593750
740	1.416015625000
741	1.419677734375
742	1.406250000000
743	1.414794921875
744	1.409912109375
745	1.401367187500
746	1.427001953125
747	1.434326171875
748	1.434326171875
749	1.390380859375
750	1.408691406250
751	1.428222656250
752	1.401367187500
753	1.455078125000
754	1.436767578125
755	1.418457031250
756	1.419677734375
757	1.423339843750
758	1.439208984375
759	1.416015625000
760	1.433105468750
761	1.401367187500
762	1.439208984375
763	1.429443359375
764	1.428222656250
765	1.424560546875
766	1.406250000000
767	1.427001953125
768	1.430664062500
769	1.453857421875
770	1.442871093750
771	1.405029296875
772	1.409912109375
773	1.436767578125
774	1.458740234375
775	1.453857421875
776	1.448974609375
777	1.444091796875
778	1.434326171875
779	1.422119140625
780	1.448974609375
781	1.448974609375
782	1.423339843750
783	1.418457031250
784	1.452636718750
785	1.419677734375
786	1.446533203125
787	1.439208984375
788	1.455078125000
789	1.433105468750
790	1.447753906250
791	1.425781250000
792	1.435546875000
793	1.450195312500
794	1.444091796875
795	1.430664062500
796	1.455078125000
797	1.456298828125
798	1.427001953125
799	1.447753906250
800	1.458740234375
801	1.428222656250
802	1.448974609375
803	1.431884765625
804	1.469726562500
805	1.445312500000
806	1.463623046875
807	1.428222656250
808	1.447753906250
809	1.447753906250
810	1.457519531250
811	1.461181640625
812	1.446533203125
813	1.470947265625
814	1.430664062500
815	1.428222656250
816	1.469726562500
817	1.435546875000
818	1.439208984375
819	1.429443359375
820	1.437988281250
821	1.424560546875
822	1.453857421875
823	1.419677734375
824	1.428222656250
825	1.450195312500
826	1.469726562500
827	1.459960937500
828	1.431884765625
829	1.453857421875
830	1.441650390625
831	1.428222656250
832	1.456298828125
833	1.481933593750
834	1.481933593750
835	1.444091796875
836	1.446533203125
837	1.469726562500
838	1.499023437500
839	1.455078125000
840	1.453857421875
841	1.468505859375
842	1.467285156250
843	1.467285156250
844	1.450195312500
845	1.459960937500
846	1.473388671875
847	1.472167968750
848	1.446533203125
849	1.448974609375
850	1.434326171875
851	1.491699218750
852	1.461181640625
853	1.439208984375
854	1.436767578125
855	1.477050781250
856	1.472167968750
857	1.479492187500
858	1.473388671875
859	1.488037109375
860	1.488037109375
861	1.450195312500
862	1.457519531250
863	1.468505859375
864	1.488037109375
865	1.467285156250
866	1.467285156250
867	1.446533203125
868	1.488037109375
869	1.457519531250
870	1.464843750000
871	1.475830078125
872	1.494140625000
873	1.456298828125
874	1.452636718750
875	1.473388671875
876	1.489257812500
877	1.486816406250
878	1.507568359375
879	1.474609375000
880	1.502685546875
881	1.456298828125
882	1.491699218750
883	1.518554687500
884	1.494140625000
885	1.503906250000
886	1.495361328125
887	1.494140625000
888	1.503906250000
889	1.490478515625
890	1.494140625000
891	1.483154296875
892	1.478271484375
893	1.510009765625
894	1.479492187500
895	1.455078125000
896	1.484375000000
897	1.485595703125
898	1.462402343750
899	1.492919921875
900	1.528320312500
901	1.511230468750
902	1.467285156250
903	1.492919921875
904	1.459960937500
905	1.477050781250
906	1.516113281250
907	1.492919921875
908	1.461181640625
909	1.490478515625
910	1.474609375000
911	1.518554687500
912	1.492919921875
913	1.499023437500
914	1.497802734375
915	1.511230468750
916	1.524658203125
917	1.501464843750
918	1.506347656250
919	1.527099609375
920	1.524658203125
921	1.510009765625
922	1.542968750000
923	1.497802734375
924	1.525878906250
925	1.527099609375
926	1.528320312500
927	1.505126953125
928	1.501464843750
929	1.490478515625
930	1.508789062500
931	1.511230468750
932	1.520996093750
933	1.527099609375
934	1.522216796875
935	1.534423828125
936	1.533203125000
937	1.516113281250
938	1.529541015625
939	1.524658203125
940	1.531982421875
941	1.514892578125
942	1.533203125000
943	1.499023437500
944	1.540527343750
945	1.510009765625
946	1.529541015625
947	1.529541015625
948	1.527099609375
949	1.540527343750
950	1.546630859375
951	1.516113281250
952	1.546630859375
953	1.505126953125
954	1.513671875000
955	1.519775390625
956	1.529541015625
957	1.520996093750
958	1.540527343750
959	1.529541015625
960	1.516113281250
961	1.546630859375
962	1.522216796875
963	1.552734375000
964	1.541748046875
965	1.551513671875
966	1.544189453125
967	1.538085937500
968	1.540527343750
969	1.549072265625
970	1.506347656250
971	1.519775390625
972	1.571044921875
973	1.524658203125
974	1.557617187500
975	1.556396484375
976	1.556396484375
977	1.575927734375
978	1.560058593750
979	1.573486328125
980	1.567382812500
981	1.519775390625
982	1.534423828125
983	1.567382812500
984	1.551513671875
985	1.551513671875
986	1.558837890625
987	1.579589843750
988	1.590576171875
989	1.551513671875
990	1.571044921875
991	1.552734375000
992	1.562500000000
993	1.549072265625
994	1.568603515625
995	1.557617187500
996	1.528320312500
997	1.552734375000
998	1.579589843750
999	1.584472656250
1000	1.550292968750
1001	1.567382812500
1002	1.583251953125
1003	1.558837890625
1004	1.577148437500
1005	1.582031250000
1006	1.568603515625
1007	1.574707031250
1008	1.591796875000
1009	1.601562500000
1010	1.593017578125
1011	1.555175781250
1012	1.579589843750
1013	1.567382812500
1014	1.580810546875
1015	1.585693359375
1016	1.585693359375
1017	1.578369140625
1018	1.561279296875
1019	1.561279296875
1020	1.614990234375
1021	1.602783203125
1022	1.579589843750
1023	1.595458984375
1024	1.567382812500
1025	1.579589843750
1026	1.606445312500
1027	1.584472656250
1028	1.583251953125
1029	1.600341796875
1030	1.602783203125
1031	1.602783203125
1032	1.629638671875
1033	1.577148437500
1034	1.599121093750
1035	1.608886718750
1036	1.600341796875
1037	1.594238281250
1038	1.638183593750
1039	1.604003906250
1040	1.599121093750
1041	1.610107421875
1042	1.613769531250
1043	1.606445312500
1044	1.608886718750
1045	1.580810546875
1046	1.628417968750
1047	1.600341796875
1048	1.596679687500
1049	1.621093750000
1050	1.622314453125
1051	1.638183593750
1052	1.601562500000
1053	1.645507812500
1054	1.613769531250
1055	1.630859375000
1056	1.643066406250
1057	1.614990234375
1058	1.612548828125
1059	1.639404296875
1060	1.630859375000
1061	1.624755859375
1062	1.638183593750
1063	1.594238281250
1064	1.630859375000
1065	1.616210937500
1066	1.646728515625
1067	1.632080078125
1068	1.640625000000
1069	1.650390625000
1070	1.623535156250
1071	1.647949218750
1072	1.622314453125
1073	1.634521484375
1074	1.641845703125
1075	1.624755859375
1076	1.617431640625
1077	1.658935546875
1078	1.660156250000
1079	1.630859375000
1080	1.654052734375
1081	1.671142578125
1082	1.662597656250
1083	1.658935546875
1084	1.643066406250
1085	1.655273437500
1086	1.663818359375
1087	1.605224609375
1088	1.667480468750
1089	1.685791015625
1090	1.657714843750
1091	1.684570312500
1092	1.684570312500
1093	1.694335937500
1094	1.684570312500
1095	1.668701171875
1096	1.665039062500
1097	1.652832031250
1098	1.684570312500
1099	1.672363281250
1100	1.690673828125
1101	1.678466796875
1102	1.655273437500
1103	1.679687500000
1104	1.704101562500
1105	1.671142578125
1106	1.713867187500
1107	1.702880859375
1108	1.657714843750
1109	1.702880859375
1110	1.658935546875
1111	1.696777343750
1112	1.688232421875
1113	1.695556640625
1114	1.705322265625
1115	1.658935546875
1116	1.721191406250
1117	1.696777343750
1118	1.678466796875
1119	1.730957031250
1120	1.710205078125
1121	1.728515625000
1122	1.711425781250
1123	1.696777343750
1124	1.683349609375
1125	1.701660156250
1126	1.710205078125
1127	1.707763671875
1128	1.702880859375
1129	1.726074218750
1130	1.724853515625
1131	1.719970703125
1132	1.718750000000
1133	1.693115234375
1134	1.730957031250
1135	1.741943359375
1136	1.713867187500
1137	1.711425781250
1138	1.745605468750
1139	1.716308593750
1140	1.743164062500
1141	1.696777343750
1142	1.744384765625
1143	1.732177734375
1144	1.760253906250
1145	1.711425781250
1146	1.754150390625
1147	1.726074218750
1148	1.716308593750
1149	1.773681640625
1150	1.761474609375
1151	1.768798828125
1152	1.759033203125
1153	1.755371093750
1154	1.760253906250
1155	1.729736328125
1156	1.771240234375
1157	1.749267578125
1158	1.732177734375
1159	1.748046875000
1160	1.773681640625
1161	1.749267578125
1162	1.777343750000
1163	1.722412109375
1164	1.768798828125
1165	1.761474609375
1166	1.782226562500
1167	1.768798828125
1168	1.787109375000
1169	1.771240234375
1170	1.756591796875
1171	1.785888671875
1172	1.765136718750
1173	1.791992187500
1174	1.831054687500
1175	1.788330078125
1176	1.751708984375
1177	1.806640625000
1178	1.761474609375
1179	1.799316406250
1180	1.810302734375
1181	1.784667968750
1182	1.777343750000
1183	1.794433593750
1184	1.782226562500
1185	1.781005859375
1186	1.762695312500
1187	1.785888671875
1188	1.794433593750
1189	1.801757812500
1190	1.807861328125
1191	1.800537109375
1192	1.813964843750
1193	1.815185546875
1194	1.818847656250
1195	1.815185546875
1196	1.800537109375
1197	1.840820312500
1198	1.826171875000
1199	1.832275390625
1200	1.818847656250
1201	1.829833984375
1202	1.843261718750
1203	1.815185546875
1204	1.818847656250
1205	1.801757812500
1206	1.861572265625
1207	1.855468750000
1208	1.829833984375
1209	1.848144531250
1210	1.781005859375
1211	1.800537109375
1212	1.827392578125
1213	1.842041015625
1214	1.826171875000
1215	1.823730468750
1216	1.843261718750
1217	1.860351562500
1218	1.868896484375
1219	1.878662109375
1220	1.851806640625
1221	1.840820312500
1222	1.840820312500
1223	1.831054687500
1224	1.818847656250
1225	1.850585937500
1226	1.867675781250
1227	1.866455078125
1228	1.868896484375
1229	1.868896484375
1230	1.885986328125
1231	1.861572265625
1232	1.878662109375
1233	1.818847656250
1234	1.887207031250
1235	1.885986328125
1236	1.892089843750
1237	1.895751953125
1238	1.895751953125
1239	1.870117187500
1240	1.903076171875
1241	1.900634765625
1242	1.892089843750
1243	1.879882812500
1244	1.870117187500
1245	1.888427734375
1246	1.915283203125
1247	1.879882812500
1248	1.894531250000
1249	1.833496093750
1250	1.903076171875
1251	1.915283203125
1252	1.933593750000
1253	1.888427734375
1254	1.893310546875
1255	1.912841796875
1256	1.925048828125
1257	1.918945312500
1258	1.915283203125
1259	1.904296875000
1260	1.942138671875
1261	1.920166015625
1262	1.893310546875
1263	1.904296875000
1264	1.937255859375
1265	1.931152343750
1266	1.912841796875
1267	1.956787109375
1268	1.918945312500
1269	1.933593750000
1270	1.947021484375
1271	1.885986328125
1272	1.965332031250
1273	1.936035156250
1274	1.950683593750
1275	1.928710937500
1276	1.951904296875
1277	1.927490234375
1278	1.932373046875
1279	1.971435546875
1280	1.943359375000
1281	1.968994140625
1282	1.970214843750
1283	1.954345703125
1284	1.967773437500
1285	1.949462890625
1286	2.017822265625
1287	1.987304687500
1288	1.976318359375
1289	1.990966796875
1290	2.009277343750
1291	1.982421875000
1292	2.004394531250
1293	1.982421875000
1294	1.973876953125
1295	1.975097656250
1296	2.011718750000
1297	2.011718750000
1298	1.978759765625
1299	1.998291015625
1300	1.970214843750
1301	2.021484375000
1302	2.036132812500
1303	2.012939453125
1304	2.038574218750
1305	1.972656250000
1306	2.037353515625
1307	2.016601562500
1308	2.023925781250
1309	2.034912109375
1310	2.025146484375
1311	2.016601562500
1312	2.069091796875
1313	2.041015625000
1314	2.034912109375
1315	2.039794921875
1316	2.072753906250
1317	2.059326171875
1318	2.041015625000
1319	2.064208984375
1320	2.088623046875
1321	2.061767578125
1322	2.073974609375
1323	2.066650390625
1324	2.071533203125
1325	2.039794921875
1326	2.064208984375
1327	2.082519531250
1328	2.106933593750
1329	2.062988281250
1330	2.115478515625
1331	2.082519531250
1332	2.126464843750
1333	2.108154296875
1334	2.128906250000
1335	2.073974609375
1336	2.105712890625
1337	2.147216796875
1338	2.115478515625
1339	2.115478515625
1340	2.143554687500
1341	2.113037109375
1342	2.132568359375
1343	2.144775390625
1344	2.165527343750
1345	2.148437500000
1346	2.152099609375
1347	2.144775390625
1348	2.165527343750
1349	2.131347656250
1350	2.150878906250
1351	2.128906250000
1352	2.165527343750
1353	2.158203125000
1354	2.181396484375
1355	2.163085937500
1356	2.180175781250
1357	2.186279296875
1358	2.191162109375
1359	2.181396484375
1360	2.187500000000
1361	2.187500000000
1362	2.171630859375
1363	2.213134765625
1364	2.187500000000
1365	2.187500000000
1366	2.221679687500
1367	2.209472656250
1368	2.213134765625
1369	2.221679687500
1370	2.204589843750
1371	2.159423828125
1372	2.221679687500
1373	2.253417968750
1374	2.233886718750
1375	2.182617187500
1376	2.239990234375
1377	2.175292968750
1378	2.230224609375
1379	2.230224609375
1380	2.207031250000
1381	2.241210937500
1382	2.208251953125
1383	2.236328125000
1384	2.216796875000
1385	2.197265625000
1386	2.258300781250
1387	2.237548828125
1388	2.280273437500
1389	2.274169921875
1390	2.211914062500
1391	2.242431640625
1392	2.249755859375
1393	2.227783203125
1394	2.249755859375
1395	2.259521484375
1396	2.215576171875
1397	2.254638671875
1398	2.257080078125
1399	2.248535156250
1400	2.247314453125
1401	2.275390625000
1402	2.297363281250
1403	2.287597656250
1404	2.205810546875
1405	2.248535156250
1406	2.254638671875
1407	2.260742187500
1408	2.269287109375
1409	2.277832031250
1410	2.297363281250
1411	2.250976562500
1412	2.255859375000
1413	2.258300781250
1414	2.321777343750
1415	2.296142578125
1416	2.285156250000
1417	2.310791015625
1418	2.354736328125
1419	2.326660156250
1420	2.297363281250
1421	2.343750000000
1422	2.342529296875
1423	2.236328125000
1424	2.315673828125
1425	2.322998046875
1426	2.327880859375
1427	2.354736328125
1428	2.373046875000
1429	2.318115234375
1430	2.363281250000
1431	2.330322265625
1432	2.376708984375
1433	2.349853515625
1434	2.316894531250
1435	2.351074218750
1436	2.358398437500
1437	2.358398437500
1438	2.347412109375
1439	2.322998046875
1440	2.368164062500
1441	2.368164062500
1442	2.396240234375
1443	2.322998046875
1444	2.369384765625
1445	2.363281250000
1446	2.409667968750
1447	2.349853515625
1448	2.375488281250
1449	2.380371093750
1450	2.409667968750
1451	2.403564453125
1452	2.393798828125
1453	2.348632812500
1454	2.392578125000
1455	2.390136718750
1456	2.402343750000
1457	2.415771484375
1458	2.373046875000
1459	2.341308593750
1460	2.391357421875
1461	2.408447265625
1462	2.385253906250
1463	2.407226562500
1464	2.380371093750
1465	2.430419921875
1466	2.390136718750
1467	2.399902343750
1468	2.425537109375
1469	2.381591796875
1470	2.438964843750
1471	2.421875000000
1472	2.426757812500
1473	2.418212890625
1474	2.495117187500
1475	2.380371093750
1476	2.429199218750
1477	2.429199218750
1478	2.443847656250
1479	2.424316406250
1480	2.463378906250
1481	2.456054687500
1482	2.452392578125
1483	2.431640625000
1484	2.410888671875
1485	2.470703125000
1486	2.443847656250
1487	2.459716796875
1488	2.467041015625
1489	2.480468750000
1490	2.469482421875
1491	2.506103515625
1492	2.513427734375
1493	2.474365234375
1494	2.495117187500
1495	2.507324218750
1496	2.507324218750
1497	2.498779296875
1498	2.491455078125
1499	2.546386718750
1500	2.482910156250
1501	2.521972656250
1502	2.524414062500
1503	2.523193359375
1504	2.525634765625
1505	2.493896484375
1506	2.535400390625
1507	2.523193359375
1508	2.536621093750
1509	2.503662109375
1510	2.552490234375
1511	2.500000000000
1512	2.550048828125
1513	2.561035156250
1514	2.525634765625
1515	2.517089843750
1516	2.514648437500
1517	2.515869140625
1518	2.540283203125
1519	2.548828125000
1520	2.568359375000
1521	2.576904296875
1522	2.561035156250
1523	2.558593750000
1524	2.565917968750
1525	2.554931640625
1526	2.541503906250
1527	2.574462890625
1528	2.584228515625
1529	2.553710937500
1530	2.595214843750
1531	2.574462890625
1532	2.578125000000
1533	2.557373046875
1534	2.550048828125
1535	2.625732421875
1536	2.579345703125
1537	2.554931640625
1538	2.519531250000
1539	2.579345703125
1540	2.563476562500
1541	2.598876953125
1542	2.585449218750
1543	2.593994140625
1544	2.606201171875
1545	2.613525390625
1546	2.626953125000
1547	2.575683593750
1548	2.592773437500
1549	2.631835937500
1550	2.645263671875
1551	2.586669921875
1552	2.570800781250
1553	2.646484375000
1554	2.604980468750
1555	2.622070312500
1556	2.601318359375
1557	2.630615234375
1558	2.609863281250
1559	2.620849609375
1560	2.661132812500
1561	2.634277343750
1562	2.656250000000
1563	2.641601562500
1564	2.707519531250
1565	2.662353515625
1566	2.681884765625
1567	2.667236328125
1568	2.686767578125
1569	2.674560546875
1570	2.663574218750
1571	2.679443359375
1572	2.631835937500
1573	2.672119140625
1574	2.720947265625
1575	2.703857421875
1576	2.703857421875
1577	2.717285156250
1578	2.700195312500
1579	2.723388671875
1580	2.733154296875
1581	2.738037109375
1582	2.736816406250
1583	2.718505859375
1584	2.738037109375
1585	2.745361328125
1586	2.757568359375
1587	2.694091796875
1588	2.702636718750
1589	2.761230468750
1590	2.742919921875
1591	2.733154296875
1592	2.805175781250
1593	2.751464843750
1594	2.745361328125
1595	2.729492187500
1596	2.758789062500
1597	2.757568359375
1598	2.777099609375
1599	2.791748046875
1600	2.735595703125
1601	2.714843750000
1602	2.762451171875
1603	2.810058593750
1604	2.811279296875
1605	2.779541015625
1606	2.749023437500
1607	2.783203125000
1608	2.807617187500
1609	2.751464843750
1610	2.745361328125
1611	2.818603515625
1612	2.783203125000
1613	2.727050781250
1614	2.806396484375
1615	2.753906250000
1616	2.797851562500
1617	2.860107421875
1618	2.792968750000
1619	2.756347656250
1620	2.790527343750
1621	2.816162109375
1622	2.785644531250
1623	2.827148437500
1624	2.806396484375
1625	2.851562500000
1626	2.825927734375
1627	2.828369140625
1628	2.789306640625
1629	2.805175781250
1630	2.841796875000
1631	2.852783203125
1632	2.822265625000
1633	2.822265625000
1634	2.812500000000
1635	2.847900390625
1636	2.838134765625
1637	2.849121093750
1638	2.830810546875
1639	2.833251953125
1640	2.855224609375
1641	2.814941406250
1642	2.841796875000
1643	2.850341796875
1644	2.849121093750
1645	2.841796875000
1646	2.847900390625
1647	2.864990234375
1648	2.834472656250
1649	2.827148437500
1650	2.860107421875
1651	2.851562500000
1652	2.869873046875
1653	2.866210937500
1654	2.919921875000
1655	2.816162109375
1656	2.832031250000
1657	2.850341796875
1658	2.905273437500
1659	2.890625000000
1660	2.829589843750
1661	2.927246093750
1662	2.861328125000
1663	2.846679687500
1664	2.926025390625
1665	2.940673828125
1666	2.947998046875
1667	2.883300781250
1668	2.878417968750
1669	2.946777343750
1670	2.917480468750
1671	2.927246093750
1672	2.958984375000
1673	2.861328125000
1674	2.884521484375
1675	2.885742187500
1676	2.897949218750
1677	2.922363281250
1678	2.924804687500
1679	2.894287109375
1680	2.949218750000
1681	2.927246093750
1682	2.919921875000
1683	2.904052734375
1684	2.930908203125
1685	2.944335937500
1686	2.949218750000
1687	2.961425781250
1688	2.949218750000
1689	2.938232421875
1690	2.963867187500
1691	2.940673828125
1692	2.938232421875
1693	2.985839843750
1694	2.866210937500
1695	2.979736328125
1696	2.907714843750
1697	2.951660156250
1698	2.991943359375
1699	2.958984375000
1700	2.913818359375
1701	2.889404296875
1702	2.955322265625
1703	2.904052734375
1704	2.916259765625
1705	2.899169921875
1706	2.910156250000
1707	2.957763671875
1708	2.917480468750
1709	2.911376953125
1710	2.910156250000
1711	2.908935546875
1712	2.912597656250
1713	2.897949218750
1714	2.923583984375
1715	2.902832031250
1716	2.939453125000
1717	2.904052734375
1718	2.940673828125
1719	2.884521484375
1720	2.924804687500
1721	2.854003906250
1722	2.926025390625
1723	2.939453125000
1724	2.935791015625
1725	2.923583984375
1726	2.899169921875
1727	2.960205078125
1728	2.958984375000
1729	2.938232421875
1730	2.904052734375
1731	2.893066406250
1732	2.968750000000
1733	2.963867187500
1734	2.991943359375
1735	2.899169921875
1736	2.932128906250
1737	2.954101562500
1738	2.963867187500
1739	2.918701171875
1740	2.973632812500
1741	2.967529296875
1742	2.961425781250
1743	2.976074218750
1744	3.028564453125
1745	2.984619140625
1746	3.010253906250
1747	2.987060546875
1748	3.022460937500
1749	2.999267578125
1750	2.996826171875
1751	2.972412109375
1752	2.994384765625
1753	3.061523437500
1754	3.029785156250
1755	2.976074218750
1756	2.998046875000
1757	3.021240234375
1758	3.009033203125
1759	2.957763671875
1760	3.024902343750
1761	3.022460937500
1762	2.979736328125
1763	3.035888671875
1764	2.998046875000
1765	2.963867187500
1766	3.000488281250
1767	2.978515625000
1768	3.027343750000
1769	3.007812500000
1770	2.985839843750
1771	2.966308593750
1772	3.011474609375
1773	3.011474609375
1774	3.027343750000
1775	3.017578125000
1776	2.995605468750
1777	2.995605468750
1778	3.027343750000
1779	3.000488281250
1780	2.980957031250
1781	3.020019531250
1782	3.033447265625
1783	3.011474609375
1784	2.980957031250
1785	3.009033203125
1786	2.993164062500
1787	2.993164062500
1788	3.020019531250
1789	2.999267578125
1790	3.051757812500
1791	2.996826171875
1792	3.032226562500
1793	2.988281250000
1794	3.005371093750
1795	3.052978515625
1796	3.023681640625
1797	2.983398437500
1798	3.051757812500
1799	2.995605468750
1800	3.022460937500
1801	3.057861328125
1802	3.052978515625
1803	2.993164062500
1804	2.983398437500
1805	3.045654296875
1806	3.020019531250
1807	3.039550781250
1808	3.005371093750
1809	3.009033203125
1810	3.039550781250
1811	3.034667968750
1812	3.021240234375
1813	3.033447265625
1814	3.012695312500
1815	3.024902343750
1816	3.011474609375
1817	3.051757812500
1818	2.993164062500
1819	3.023681640625
1820	3.021240234375
1821	3.009033203125
1822	3.016357421875
1823	3.007812500000
1824	3.066406250000
1825	3.055419921875
1826	2.968750000000
1827	3.034667968750
1828	3.056640625000
1829	2.995605468750
1830	3.035888671875
1831	2.996826171875
1832	3.022460937500
1833	3.044433593750
1834	3.017578125000
1835	3.004150390625
1836	2.993164062500
1837	2.951660156250
1838	2.999267578125
1839	3.041992187500
1840	3.040771484375
1841	3.027343750000
1842	2.991943359375
1843	3.032226562500
1844	3.031005859375
1845	3.031005859375
1846	2.952880859375
1847	3.004150390625
1848	3.027343750000
1849	3.001708984375
1850	3.015136718750
1851	2.999267578125
1852	3.056640625000
1853	3.009033203125
1854	2.988281250000
1855	2.979736328125
1856	2.984619140625
1857	2.978515625000
1858	3.017578125000
1859	3.011474609375
1860	2.999267578125
1861	2.988281250000
1862	3.017578125000
1863	3.071289062500
1864	3.006591796875
1865	2.976074218750
1866	2.905273437500
1867	2.954101562500
1868	3.012695312500
1869	2.984619140625
1870	3.010253906250
1871	3.004150390625
1872	2.937011718750
1873	2.962646484375
1874	2.982177734375
1875	2.991943359375
1876	2.961425781250
1877	2.935791015625
1878	2.962646484375
1879	2.962646484375
1880	2.982177734375
1881	2.985839843750
1882	2.984619140625
1883	2.937011718750
1884	2.916259765625
1885	2.924804687500
1886	2.922363281250
1887	2.918701171875
1888	2.950439453125
1889	2.906494140625
1890	2.844238281250
1891	2.867431640625
1892	2.864990234375
1893	2.832031250000
1894	2.862548828125
1895	2.799072265625
1896	2.827148437500
1897	2.785644531250
1898	2.781982421875
1899	2.788085937500
1900	2.778320312500
1901	2.807617187500
1902	2.775878906250
1903	2.764892578125
1904	2.821044921875
1905	2.786865234375
1906	2.810058593750
1907	2.796630859375
1908	2.860107421875
1909	2.834472656250
1910	2.845458984375
1911	2.866210937500
1912	2.895507812500
1913	2.908935546875
1914	2.915039062500
1915	2.929687500000
1916	2.941894531250
1917	2.933349609375
1918	2.926025390625
1919	2.934570312500
1920	2.943115234375
1921	2.947998046875
1922	2.977294921875
1923	2.963867187500
1924	2.955322265625
1925	2.956542968750
1926	2.966308593750
1927	2.993164062500
1928	2.941894531250
1929	2.960205078125
1930	2.943115234375
1931	2.998046875000
1932	2.966308593750
1933	2.938232421875
1934	2.934570312500
1935	2.965087890625
1936	2.980957031250
1937	2.960205078125
1938	2.950439453125
1939	2.952880859375
1940	2.985839843750
1941	2.968750000000
1942	2.956542968750
1943	2.962646484375
1944	2.963867187500
1945	3.006591796875
1946	2.968750000000
1947	2.984619140625
1948	2.949218750000
1949	2.949218750000
1950	2.954101562500
1951	2.947998046875
1952	2.949218750000
1953	2.988281250000
1954	2.971191406250
1955	2.976074218750
1956	2.968750000000
1957	2.973632812500
1958	2.985839843750
1959	2.979736328125
1960	2.973632812500
1961	3.001708984375
1962	3.033447265625
1963	3.002929687500
1964	3.020019531250
1965	2.962646484375
1966	2.938232421875
1967	2.990722656250
1968	3.013916015625
1969	2.961425781250
1970	3.011474609375
1971	3.010253906250
1972	2.957763671875
1973	2.958984375000
1974	3.009033203125
1975	3.011474609375
1976	3.052978515625
1977	3.004150390625
1978	2.957763671875
1979	2.947998046875
1980	2.978515625000
1981	2.984619140625
1982	3.034667968750
1983	2.994384765625
1984	2.987060546875
1985	2.983398437500
1986	3.021240234375
1987	3.040771484375
1988	2.971191406250
1989	2.963867187500
1990	3.016357421875
1991	2.918701171875
1992	3.018798828125
1993	3.034667968750
1994	3.010253906250
1995	2.996826171875
1996	3.006591796875
1997	3.010253906250
1998	2.985839843750
1999	2.967529296875
2000	2.988281250000
2001	2.962646484375
2002	2.990722656250
2003	2.990722656250
2004	2.922363281250
2005	2.918701171875
2006	2.961425781250
2007	2.955322265625
2008	2.943115234375
2009	2.894287109375
2010	2.947998046875
2011	2.955322265625
2012	2.886962890625
2013	2.919921875000
2014	2.888183593750
2015	2.888183593750
2016	2.921142578125
2017	2.900390625000
2018	2.926025390625
2019	2.935791015625
2020	2.958984375000
2021	2.875976562500
2022	2.899169921875
2023	2.935791015625
2024	2.933349609375
2025	2.877197265625
2026	2.951660156250
2027	2.969970703125
2028	2.950439453125
2029	2.961425781250
2030	2.977294921875
2031	2.945556640625
2032	2.984619140625
2033	3.032226562500
2034	2.973632812500
2035	2.950439453125
2036	3.007812500000
2037	3.022460937500
2038	3.007812500000
2039	2.982177734375
2040	2.993164062500
2041	2.980957031250
2042	3.043212890625
2043	3.002929687500
2044	3.001708984375
2045	2.985839843750
2046	2.991943359375
2047	2.998046875000
2048	3.022460937500
2049	2.988281250000
2050	2.990722656250
2051	3.024902343750
2052	3.017578125000
2053	3.020019531250
2054	3.037109375000
2055	2.990722656250
2056	3.029785156250
2057	3.015136718750
2058	2.985839843750
2059	2.994384765625
2060	2.993164062500
2061	3.028564453125
2062	2.998046875000
2063	3.020019531250
2064	2.978515625000
2065	3.021240234375
2066	3.023681640625
2067	2.962646484375
2068	3.001708984375
2069	2.984619140625
2070	2.921142578125
2071	2.921142578125
2072	2.951660156250
2073	2.949218750000
2074	2.980957031250
2075	2.917480468750
2076	3.026123046875
2077	2.947998046875
2078	2.982177734375
2079	3.007812500000
2080	2.963867187500
2081	2.962646484375
2082	2.922363281250
2083	2.979736328125
2084	3.015136718750
2085	3.021240234375
2086	2.963867187500
2087	2.983398437500
2088	2.978515625000
2089	3.015136718750
2090	2.976074218750
2091	2.921142578125
2092	2.982177734375
2093	3.018798828125
2094	2.978515625000
2095	2.971191406250
2096	2.996826171875
2097	3.002929687500
2098	2.985839843750
2099	2.989501953125
2100	3.022460937500
2101	2.977294921875
2102	2.968750000000
2103	2.999267578125
2104	2.963867187500
2105	2.971191406250
2106	2.968750000000
2107	2.929687500000
2108	2.934570312500
2109	2.941894531250
2110	2.933349609375
2111	2.966308593750
2112	2.962646484375
2113	2.949218750000
2114	2.956542968750
2115	2.919921875000
2116	2.949218750000
2117	2.937011718750
2118	2.883300781250
2119	2.894287109375
2120	2.923583984375
2121	2.933349609375
2122	2.902832031250
2123	2.878417968750
2124	2.868652343750
2125	2.861328125000
2126	2.877197265625
2127	2.858886718750
2128	2.861328125000
2129	2.866210937500
2130	2.861328125000
2131	2.872314453125
2132	2.844238281250
2133	2.768554687500
2134	2.811279296875
2135	2.810058593750
2136	2.791748046875
2137	2.785644531250
2138	2.761230468750
2139	2.720947265625
2140	2.757568359375
2141	2.719726562500
2142	2.724609375000
2143	2.657470703125
2144	2.686767578125
2145	2.657470703125
2146	2.664794921875
2147	2.625732421875
2148	2.644042968750
2149	2.628173828125
2150	2.583007812500
2151	2.590332031250
2152	2.557373046875
2153	2.541503906250
2154	2.528076171875
2155	2.521972656250
2156	2.464599609375
2157	2.435302734375
2158	2.404785156250
2159	2.397460937500
2160	2.407226562500
2161	2.348632812500
2162	2.357177734375
2163	2.337646484375
2164	2.320556640625
2165	2.282714843750
2166	2.275390625000
2167	2.238769531250
2168	2.253417968750
2169	2.211914062500
2170	2.142333984375
2171	2.144775390625
2172	2.104492187500
2173	2.089843750000
2174	2.099609375000
2175	2.037353515625
2176	2.022705078125
2177	1.990966796875
2178	1.956787109375
2179	1.940917968750
2180	1.972656250000
2181	1.915283203125
2182	1.892089843750
2183	1.860351562500
2184	1.822509765625
2185	1.781005859375
2186	1.802978515625
2187	1.745605468750
2188	1.704101562500
2189	1.733398437500
2190	1.722412109375
2191	1.687011718750
2192	1.680908203125
2193	1.652832031250
2194	1.583251953125
2195	1.560058593750
2196	1.566162109375
2197	1.556396484375
2198	1.528320312500
2199	1.525878906250
2200	1.511230468750
2201	1.497802734375
2202	1.455078125000
2203	1.469726562500
2204	1.448974609375
2205	1.434326171875
2206	1.381835937500
2207	1.414794921875
2208	1.389160156250
2209	1.407470703125
2210	1.385498046875
2211	1.392822265625
2212	1.356201171875
2213	1.343994140625
2214	1.375732421875
2215	1.372070312500
2216	1.343994140625
2217	1.308593750000
2218	1.315917968750
2219	1.319580078125
2220	1.304931640625
2221	1.291503906250
2222	1.298828125000
2223	1.292724609375
2224	1.287841796875
2225	1.274414062500
2226	1.264648437500
2227	1.273193359375
2228	1.239013671875
2229	1.245117187500
2230	1.243896484375
2231	1.212158203125
2232	1.254882812500
2233	1.185302734375
2234	1.232910156250
2235	1.219482421875
2236	1.220703125000
2237	1.190185546875
2238	1.224365234375
2239	1.181640625000
2240	1.213378906250
2241	1.191406250000
2242	1.182861328125
2243	1.182861328125
2244	1.195068359375
2245	1.181640625000
2246	1.158447265625
2247	1.170654296875
2248	1.180419921875
2249	1.158447265625
2250	1.166992187500
2251	1.165771484375
2252	1.141357421875
2253	1.162109375000
2254	1.158447265625
2255	1.136474609375
2256	1.151123046875
2257	1.124267578125
2258	1.129150390625
2259	1.130371093750
2260	1.143798828125
2261	1.112060546875
2262	1.124267578125
2263	1.132812500000
2264	1.136474609375
2265	1.127929687500
2266	1.138916015625
2267	1.126708984375
2268	1.124267578125
2269	1.099853515625
2270	1.127929687500
2271	1.103515625000
2272	1.104736328125
2273	1.098632812500
2274	1.102294921875
2275	1.107177734375
2276	1.097412109375
2277	1.103515625000
2278	1.113281250000
2279	1.087646484375
2280	1.112060546875
2281	1.098632812500
2282	1.099853515625
2283	1.099853515625
2284	1.099853515625
2285	1.086425781250
2286	1.092529296875
2287	1.102294921875
2288	1.102294921875
2289	1.092529296875
2290	1.093750000000
2291	1.092529296875
2292	1.088867187500
2293	1.091308593750
2294	1.082763671875
2295	1.069335937500
2296	1.081542968750
2297	1.069335937500
2298	1.077880859375
2299	1.071777343750
2300	1.079101562500
2301	1.083984375000
2302	1.077880859375
2303	1.068115234375
2304	1.077880859375
2305	1.072998046875
2306	1.074218750000
2307	1.065673828125
2308	1.071777343750
2309	1.080322265625
2310	1.077880859375
2311	1.070556640625
2312	1.077880859375
2313	1.049804687500
2314	1.059570312500
2315	1.074218750000
2316	1.070556640625
2317	1.069335937500
2318	1.058349609375
2319	1.062011718750
2320	1.058349609375
2321	1.048583984375
2322	1.058349609375
2323	1.058349609375
2324	1.052246093750
2325	1.070556640625
2326	1.053466796875
2327	1.048583984375
2328	1.062011718750
2329	1.047363281250
2330	1.052246093750
2331	1.041259765625
2332	1.044921875000
2333	1.064453125000
2334	1.064453125000
2335	1.033935546875
2336	1.036376953125
2337	1.059570312500
2338	1.060791015625
2339	1.048583984375
2340	1.043701171875
2341	1.048583984375
2342	1.033935546875
2343	1.038818359375
2344	1.048583984375
2345	1.044921875000
2346	1.055908203125
2347	1.035156250000
2348	1.036376953125
2349	1.049804687500
2350	1.036376953125
2351	1.035156250000
2352	1.038818359375
2353	1.026611328125
2354	1.038818359375
2355	1.035156250000
2356	1.035156250000
2357	1.040039062500
2358	1.030273437500
2359	1.024169921875
2360	1.033935546875
2361	1.033935546875
2362	1.036376953125
2363	1.033935546875
2364	1.031494140625
2365	1.035156250000
2366	1.029052734375
2367	1.035156250000
2368	1.033935546875
2369	1.022949218750
2370	1.032714843750
2371	1.024169921875
2372	1.019287109375
2373	1.029052734375
2374	1.024169921875
2375	1.020507812500
2376	1.029052734375
2377	1.031494140625
2378	1.036376953125
2379	1.021728515625
2380	1.015625000000
2381	1.037597656250
2382	1.015625000000
2383	1.014404296875
2384	1.036376953125
2385	1.013183593750
2386	1.027832031250
2387	1.018066406250
2388	1.011962890625
2389	1.022949218750
2390	1.011962890625
2391	1.021728515625
2392	1.011962890625
2393	1.013183593750
2394	1.024169921875
2395	1.018066406250
2396	1.019287109375
2397	1.014404296875
2398	1.015625000000
2399	1.011962890625
2400	1.013183593750
2401	1.008300781250
2402	1.024169921875
2403	1.010742187500
2404	1.010742187500
2405	1.011962890625
2406	1.019287109375
2407	1.014404296875
2408	1.015625000000
2409	1.010742187500
2410	1.010742187500
2411	1.014404296875
2412	1.008300781250
2413	1.016845703125
2414	1.004638671875
2415	0.999755859375
2416	1.009521484375
2417	1.000976562500
2418	1.004638671875
2419	1.019287109375
2420	1.009521484375
2421	1.000976562500
2422	1.013183593750
2423	1.007080078125
2424	1.004638671875
2425	1.011962890625
2426	0.993652343750
2427	1.000976562500
2428	0.996093750000
2429	1.003417968750
2430	1.004638671875
2431	1.008300781250
2432	0.994873046875
2433	1.000976562500
2434	1.000976562500
2435	1.002197265625
2436	1.015625000000
2437	0.991210937500
2438	0.997314453125
2439	0.996093750000
2440	0.993652343750
2441	0.998535156250
2442	1.002197265625
2443	0.994873046875
2444	1.002197265625
2445	0.991210937500
2446	0.998535156250
2447	1.000976562500
2448	0.997314453125
2449	0.994873046875
2450	1.000976562500
2451	0.992431640625
2452	1.005859375000
2453	0.988769531250
2454	0.993652343750
2455	0.992431640625
2456	0.996093750000
2457	0.996093750000
2458	1.000976562500
2459	0.992431640625
2460	1.003417968750
2461	0.985107421875
2462	0.989990234375
2463	0.994873046875
2464	1.002197265625
2465	0.993652343750
2466	0.988769531250
2467	0.992431640625
2468	0.992431640625
2469	0.985107421875
2470	0.988769531250
2471	0.991210937500
2472	0.992431640625
2473	0.983886718750
2474	0.988769531250
2475	0.985107421875
2476	1.000976562500
2477	0.983886718750
2478	0.985107421875
2479	0.991210937500
2480	0.986328125000
2481	0.991210937500
2482	0.987548828125
2483	0.976562500000
2484	0.997314453125
2485	0.987548828125
2486	0.991210937500
2487	0.989990234375
2488	0.983886718750
2489	0.977783203125
2490	0.986328125000
2491	0.976562500000
2492	0.996093750000
2493	0.983886718750
2494	0.987548828125
2495	0.980224609375
2496	0.982666015625
2497	0.985107421875
2498	0.987548828125
2499	0.972900390625
2500	0.992431640625
2501	0.981445312500
2502	0.981445312500
2503	0.979003906250
2504	0.980224609375
2505	0.981445312500
2506	0.974121093750
2507	0.972900390625
2508	0.991210937500
2509	0.976562500000
2510	0.980224609375
2511	0.982666015625
2512	0.974121093750
2513	0.975341796875
2514	0.989990234375
2515	0.981445312500
2516	0.988769531250
2517	0.975341796875
2518	0.972900390625
2519	0.979003906250
2520	0.981445312500
2521	0.982666015625
2522	0.974121093750
2523	0.972900390625
2524	0.987548828125
2525	0.969238281250
2526	0.975341796875
2527	0.977783203125
2528	0.975341796875
2529	0.970458984375
2530	0.970458984375
2531	0.970458984375
2532	0.977783203125
2533	0.971679687500
2534	0.975341796875
2535	0.971679687500
2536	0.971679687500
2537	0.965576171875
2538	0.981445312500
2539	0.966796875000
2540	0.971679687500
2541	0.971679687500
2542	0.979003906250
2543	0.968017578125
2544	0.977783203125
2545	0.965576171875
2546	0.968017578125
2547	0.969238281250
2548	0.972900390625
2549	0.971679687500
2550	0.980224609375
2551	0.966796875000
2552	0.968017578125
2553	0.975341796875
2554	0.980224609375
2555	0.966796875000
2556	0.974121093750
2557	0.965576171875
2558	0.975341796875
2559	0.968017578125
2560	0.966796875000
2561	0.972900390625
2562	0.968017578125
2563	0.960693359375
2564	0.971679687500
2565	0.965576171875
2566	0.964355468750
2567	0.971679687500
2568	0.966796875000
2569	0.960693359375
2570	0.966796875000
2571	0.965576171875
2572	0.974121093750
2573	0.961914062500
2574	0.957031250000
2575	0.961914062500
2576	0.963134765625
2577	0.970458984375
2578	0.965576171875
2579	0.954589843750
2580	0.966796875000
2581	0.961914062500
2582	0.970458984375
2583	0.963134765625
2584	0.961914062500
2585	0.965576171875
2586	0.959472656250
2587	0.957031250000
2588	0.972900390625
2589	0.963134765625
2590	0.959472656250
2591	0.957031250000
2592	0.964355468750
2593	0.970458984375
2594	0.957031250000
2595	0.957031250000
2596	0.969238281250
2597	0.955810546875
2598	0.959472656250
2599	0.959472656250
2600	0.964355468750
2601	0.963134765625
2602	0.955810546875
2603	0.949707031250
2604	0.966796875000
2605	0.960693359375
2606	0.963134765625
2607	0.958251953125
2608	0.954589843750
2609	0.960693359375
2610	0.961914062500
2611	0.955810546875
2612	0.965576171875
2613	0.950927734375
2614	0.955810546875
2615	0.957031250000
2616	0.958251953125
2617	0.961914062500
2618	0.958251953125
2619	0.947265625000
2620	0.959472656250
2621	0.952148437500
2622	0.958251953125
2623	0.955810546875
2624	0.954589843750
2625	0.952148437500
2626	0.954589843750
2627	0.952148437500
2628	0.965576171875
2629	0.958251953125
2630	0.950927734375
2631	0.953369140625
2632	0.949707031250
2633	0.960693359375
2634	0.960693359375
2635	0.953369140625
2636	0.957031250000
2637	0.947265625000
2638	0.958251953125
2639	0.963134765625
2640	0.953369140625
2641	0.960693359375
2642	0.948486328125
2643	0.950927734375
2644	0.958251953125
2645	0.953369140625
2646	0.960693359375
2647	0.950927734375
2648	0.947265625000
2649	0.960693359375
2650	0.952148437500
2651	0.952148437500
2652	0.952148437500
2653	0.950927734375
2654	0.957031250000
2655	0.949707031250
2656	0.949707031250
2657	0.952148437500
2658	0.952148437500
2659	0.946044921875
2660	0.950927734375
2661	0.949707031250
2662	0.950927734375
2663	0.949707031250
2664	0.959472656250
2665	0.943603515625
2666	0.942382812500
2667	0.953369140625
2668	0.947265625000
2669	0.944824218750
2670	0.953369140625
2671	0.944824218750
2672	0.946044921875
2673	0.953369140625
2674	0.949707031250
2675	0.943603515625
2676	0.953369140625
2677	0.942382812500
2678	0.953369140625
2679	0.953369140625
2680	0.948486328125
2681	0.944824218750
2682	0.949707031250
2683	0.944824218750
2684	0.943603515625
2685	0.941162109375
2686	0.946044921875
2687	0.950927734375
2688	0.939941406250
2689	0.943603515625
2690	0.950927734375
2691	0.952148437500
2692	0.953369140625
2693	0.939941406250
2694	0.942382812500
2695	0.954589843750
2696	0.947265625000
2697	0.943603515625
2698	0.948486328125
2699	0.941162109375
2700	0.949707031250
2701	0.946044921875
2702	0.952148437500
2703	0.952148437500
2704	0.939941406250
2705	0.939941406250
2706	0.948486328125
2707	0.949707031250
2708	0.952148437500
2709	0.944824218750
2710	0.937500000000
2711	0.943603515625
2712	0.946044921875
2713	0.943603515625
2714	0.946044921875
2715	0.936279296875
2716	0.939941406250
2717	0.946044921875
2718	0.942382812500
2719	0.952148437500
2720	0.944824218750
2721	0.936279296875
2722	0.946044921875
2723	0.936279296875
2724	0.946044921875
2725	0.947265625000
2726	0.946044921875
2727	0.942382812500
2728	0.943603515625
2729	0.937500000000
2730	0.949707031250
2731	0.939941406250
2732	0.937500000000
2733	0.942382812500
2734	0.937500000000
2735	0.946044921875
2736	0.943603515625
2737	0.941162109375
2738	0.943603515625
2739	0.936279296875
2740	0.942382812500
2741	0.946044921875
2742	0.946044921875
2743	0.944824218750
2744	0.936279296875
2745	0.936279296875
2746	0.947265625000
2747	0.938720703125
2748	0.944824218750
2749	0.938720703125
2750	0.937500000000
2751	0.944824218750
2752	0.937500000000
2753	0.937500000000
2754	0.942382812500
2755	0.936279296875
2756	0.947265625000
2757	0.937500000000
2758	0.943603515625
2759	0.946044921875
2760	0.942382812500
2761	0.932617187500
2762	0.939941406250
2763	0.937500000000
2764	0.953369140625
2765	0.938720703125
2766	0.939941406250
2767	0.937500000000
2768	0.936279296875
2769	0.936279296875
2770	0.942382812500
2771	0.935058593750
2772	0.943603515625
2773	0.931396484375
2774	0.933837890625
2775	0.942382812500
2776	0.937500000000
2777	0.936279296875
2778	0.939941406250
2779	0.933837890625
2780	0.942382812500
2781	0.939941406250
2782	0.941162109375
2783	0.932617187500
2784	0.936279296875
2785	0.936279296875
2786	0.939941406250
2787	0.958251953125
2788	0.936279296875
2789	0.937500000000
2790	0.936279296875
2791	0.932617187500
2792	0.942382812500
2793	0.944824218750
2794	0.932617187500
2795	0.933837890625
2796	0.933837890625
2797	0.933837890625
2798	0.936279296875
2799	0.937500000000
2800	0.935058593750
2801	0.931396484375
2802	0.932617187500
2803	0.932617187500
2804	0.937500000000
2805	0.937500000000
2806	0.933837890625
2807	0.931396484375
2808	0.943603515625
2809	0.932617187500
2810	0.933837890625
2811	0.935058593750
2812	0.937500000000
2813	0.933837890625
2814	0.933837890625
2815	0.942382812500
2816	0.935058593750
2817	0.928955078125
2818	0.935058593750
2819	0.933837890625
2820	0.933837890625
2821	0.935058593750
2822	0.932617187500
2823	0.932617187500
2824	0.932617187500
2825	0.933837890625
2826	0.944824218750
2827	0.930175781250
2828	0.942382812500
2829	0.926513671875
2830	0.931396484375
2831	0.939941406250
2832	0.931396484375
2833	0.931396484375
2834	0.936279296875
2835	0.930175781250
2836	0.935058593750
2837	0.932617187500
2838	0.935058593750
2839	0.937500000000
2840	0.924072265625
2841	0.927734375000
2842	0.941162109375
2843	0.935058593750
2844	0.939941406250
2845	0.931396484375
2846	0.927734375000
2847	0.937500000000
2848	0.932617187500
2849	0.931396484375
2850	0.942382812500
2851	0.928955078125
2852	0.931396484375
2853	0.930175781250
2854	0.932617187500
2855	0.941162109375
2856	0.931396484375
2857	0.908203125000
2858	0.935058593750
2859	0.932617187500
2860	0.936279296875
2861	0.939941406250
2862	0.927734375000
2863	0.939941406250
2864	0.930175781250
2865	0.930175781250
2866	0.933837890625
2867	0.933837890625
2868	0.937500000000
2869	0.926513671875
2870	0.927734375000
2871	0.938720703125
2872	0.932617187500
2873	0.928955078125
2874	0.931396484375
2875	0.925292968750
2876	0.937500000000
2877	0.932617187500
2878	0.936279296875
2879	0.930175781250
2880	0.927734375000
2881	0.931396484375
2882	0.930175781250
2883	0.927734375000
2884	0.942382812500
2885	0.922851562500
2886	0.925292968750
2887	0.931396484375
2888	0.932617187500
2889	0.930175781250
2890	0.936279296875
2891	0.924072265625
2892	0.931396484375
2893	0.926513671875
2894	0.932617187500
2895	0.937500000000
2896	0.927734375000
2897	0.922851562500
2898	0.932617187500
2899	0.930175781250
2900	0.932617187500
2901	0.931396484375
2902	0.925292968750
2903	0.931396484375
2904	0.926513671875
2905	0.927734375000
2906	0.933837890625
2907	0.931396484375
2908	0.926513671875
2909	0.924072265625
2910	0.932617187500
2911	0.930175781250
2912	0.931396484375
2913	0.926513671875
2914	0.924072265625
2915	0.927734375000
2916	0.931396484375
2917	0.928955078125
2918	0.937500000000
2919	0.924072265625
2920	0.922851562500
2921	0.930175781250
2922	0.931396484375
2923	0.930175781250
2924	0.939941406250
2925	0.924072265625
2926	0.926513671875
2927	0.933837890625
2928	0.936279296875
2929	0.928955078125
2930	0.941162109375
2931	0.926513671875
2932	0.925292968750
2933	0.936279296875
2934	0.931396484375
2935	0.922851562500
2936	0.921630859375
2937	0.916748046875
2938	0.930175781250
2939	0.927734375000
2940	0.925292968750
2941	0.927734375000
2942	0.927734375000
2943	0.926513671875
2944	0.932617187500
2945	0.926513671875
2946	0.932617187500
2947	0.931396484375
2948	0.925292968750
2949	0.926513671875
2950	0.930175781250
2951	0.925292968750
2952	0.933837890625
2953	0.926513671875
2954	0.924072265625
2955	0.926513671875
2956	0.927734375000
2957	0.926513671875
2958	0.932617187500
2959	0.928955078125
2960	0.921630859375
2961	0.927734375000
2962	0.931396484375
2963	0.931396484375
2964	0.928955078125
2965	0.927734375000
2966	0.925292968750
2967	0.925292968750
2968	0.931396484375
2969	0.924072265625
2970	0.927734375000
2971	0.926513671875
2972	0.927734375000
2973	0.926513671875
2974	0.933837890625
2975	0.922851562500
2976	0.925292968750
2977	0.926513671875
2978	0.926513671875
2979	0.927734375000
2980	0.931396484375
2981	0.926513671875
2982	0.922851562500
2983	0.927734375000
2984	0.927734375000
2985	0.928955078125
2986	0.931396484375
2987	0.920410156250
2988	0.924072265625
2989	0.926513671875
2990	0.925292968750
2991	0.932617187500
2992	0.928955078125
2993	0.921630859375
2994	0.927734375000
2995	0.927734375000
2996	0.928955078125
2997	0.928955078125
2998	0.926513671875
2999	0.920410156250
3000	0.930175781250
3001	0.925292968750
3002	0.927734375000
3003	0.933837890625
3004	0.927734375000
3005	0.922851562500
3006	0.927734375000
3007	0.928955078125
3008	0.932617187500
3009	0.931396484375
3010	0.927734375000
3011	0.922851562500
3012	0.935058593750
3013	0.927734375000
3014	0.928955078125
3015	0.931396484375
3016	0.922851562500
3017	0.916748046875
3018	0.933837890625
3019	0.926513671875
3020	0.926513671875
3021	0.931396484375
3022	0.924072265625
3023	0.917968750000
3024	0.935058593750
3025	0.931396484375
3026	0.925292968750
3027	0.930175781250
3028	0.921630859375
3029	0.919189453125
3030	0.935058593750
3031	0.927734375000
3032	0.924072265625
3033	0.920410156250
3034	0.926513671875
3035	0.930175781250
3036	0.931396484375
3037	0.927734375000
3038	0.926513671875
3039	0.926513671875
3040	0.926513671875
3041	0.927734375000
3042	0.926513671875
3043	0.932617187500
3044	0.921630859375
3045	0.921630859375
3046	0.931396484375
3047	0.924072265625
3048	0.925292968750
3049	0.925292968750
3050	0.927734375000
3051	0.914306640625
3052	0.931396484375
3053	0.928955078125
3054	0.925292968750
3055	0.924072265625
3056	0.926513671875
3057	0.920410156250
3058	0.932617187500
3059	0.930175781250
3060	0.926513671875
3061	0.917968750000
3062	0.924072265625
3063	0.924072265625
3064	0.922851562500
3065	0.931396484375
3066	0.921630859375
3067	0.915527343750
3068	0.924072265625
3069	0.925292968750
3070	0.930175781250
3071	0.922851562500
3072	0.921630859375
3073	0.926513671875
3074	0.921630859375
3075	0.921630859375
3076	0.933837890625
3077	0.904541015625
3078	0.930175781250
3079	0.919189453125
3080	0.922851562500
3081	0.933837890625
3082	0.924072265625
3083	0.922851562500
3084	0.925292968750
3085	0.919189453125
3086	0.928955078125
3087	0.924072265625
3088	0.925292968750
3089	0.930175781250
3090	0.922851562500
3091	0.921630859375
3092	0.931396484375
3093	0.924072265625
3094	0.928955078125
3095	0.921630859375
3096	0.921630859375
3097	0.926513671875
3098	0.925292968750
3099	0.921630859375
3100	0.925292968750
3101	0.917968750000
3102	0.921630859375
3103	0.922851562500
3104	0.926513671875
3105	0.931396484375
3106	0.921630859375
3107	0.914306640625
3108	0.922851562500
3109	0.926513671875
3110	0.930175781250
3111	0.925292968750
3112	0.917968750000
3113	0.926513671875
3114	0.924072265625
3115	0.919189453125
3116	0.930175781250
3117	0.921630859375
3118	0.916748046875
3119	0.921630859375
3120	0.931396484375
3121	0.928955078125
3122	0.927734375000
3123	0.914306640625
3124	0.928955078125
3125	0.917968750000
3126	0.922851562500
3127	0.926513671875
3128	0.924072265625
3129	0.924072265625
3130	0.924072265625
3131	0.921630859375
3132	0.933837890625
3133	0.922851562500
3134	0.915527343750
3135	0.921630859375
3136	0.920410156250
3137	0.922851562500
3138	0.930175781250
3139	0.921630859375
3140	0.931396484375
3141	0.915527343750
3142	0.920410156250
3143	0.926513671875
3144	0.928955078125
3145	0.928955078125
3146	0.917968750000
3147	0.914306640625
3148	0.930175781250
3149	0.920410156250
3150	0.920410156250
3151	0.920410156250
3152	0.921630859375
3153	0.917968750000
3154	0.922851562500
3155	0.922851562500
3156	0.927734375000
3157	0.921630859375
3158	0.916748046875
3159	0.917968750000
3160	0.927734375000
3161	0.922851562500
3162	0.924072265625
3163	0.917968750000
3164	0.921630859375
3165	0.917968750000
3166	0.930175781250
3167	0.920410156250
3168	0.921630859375
3169	0.921630859375
3170	0.917968750000
3171	0.925292968750
3172	0.928955078125
3173	0.922851562500
3174	0.924072265625
3175	0.920410156250
3176	0.920410156250
3177	0.925292968750
3178	0.928955078125
3179	0.917968750000
3180	0.916748046875
3181	0.922851562500
3182	0.924072265625
3183	0.917968750000
3184	0.928955078125
3185	0.917968750000
3186	0.915527343750
3187	0.919189453125
3188	0.920410156250
3189	0.924072265625
3190	0.924072265625
3191	0.924072265625
3192	0.921630859375
3193	0.917968750000
3194	0.926513671875
3195	0.921630859375
3196	0.928955078125
3197	0.917968750000
3198	0.917968750000
3199	0.917968750000
3200	0.926513671875
3201	0.925292968750
3202	0.922851562500
3203	0.916748046875
3204	0.928955078125
3205	0.916748046875
3206	0.926513671875
3207	0.927734375000
3208	0.924072265625
3209	0.917968750000
3210	0.922851562500
3211	0.917968750000
3212	0.933837890625
3213	0.921630859375
3214	0.916748046875
3215	0.925292968750
3216	0.921630859375
3217	0.916748046875
3218	0.926513671875
3219	0.920410156250
3220	0.921630859375
3221	0.916748046875
3222	0.919189453125
3223	0.932617187500
3224	0.922851562500
3225	0.921630859375
3226	0.925292968750
3227	0.922851562500
3228	0.922851562500
3229	0.922851562500
3230	0.925292968750
3231	0.927734375000
3232	0.921630859375
3233	0.917968750000
3234	0.927734375000
3235	0.924072265625
3236	0.927734375000
3237	0.916748046875
3238	0.914306640625
3239	0.928955078125
3240	0.921630859375
3241	0.924072265625
3242	0.927734375000
3243	0.917968750000
3244	0.922851562500
3245	0.921630859375
3246	0.922851562500
3247	0.928955078125
3248	0.917968750000
3249	0.911865234375
3250	0.926513671875
3251	0.921630859375
3252	0.927734375000
3253	0.921630859375
3254	0.917968750000
3255	0.927734375000
3256	0.917968750000
3257	0.916748046875
3258	0.927734375000
3259	0.917968750000
3260	0.924072265625
3261	0.917968750000
3262	0.926513671875
3263	0.927734375000
3264	0.922851562500
3265	0.919189453125
3266	0.921630859375
3267	0.916748046875
3268	0.933837890625
3269	0.917968750000
3270	0.921630859375
3271	0.919189453125
3272	0.922851562500
3273	0.921630859375
3274	0.922851562500
3275	0.919189453125
3276	0.932617187500
3277	0.914306640625
3278	0.920410156250
3279	0.921630859375
3280	0.920410156250
3281	0.922851562500
3282	0.921630859375
3283	0.914306640625
3284	0.931396484375
3285	0.925292968750
3286	0.921630859375
3287	0.922851562500
3288	0.917968750000
3289	0.917968750000
3290	0.917968750000
3291	0.919189453125
3292	0.926513671875
3293	0.917968750000
3294	0.926513671875
3295	0.917968750000
3296	0.922851562500
3297	0.927734375000
3298	0.924072265625
3299	0.917968750000
3300	0.926513671875
3301	0.924072265625
3302	0.922851562500
3303	0.927734375000
3304	0.926513671875
3305	0.915527343750
3306	0.924072265625
3307	0.924072265625
3308	0.921630859375
3309	0.927734375000
3310	0.919189453125
3311	0.911865234375
3312	0.921630859375
3313	0.919189453125
3314	0.924072265625
3315	0.921630859375
3316	0.926513671875
3317	0.917968750000
3318	0.922851562500
3319	0.917968750000
3320	0.931396484375
3321	0.919189453125
3322	0.920410156250
3323	0.919189453125
3324	0.924072265625
3325	0.925292968750
3326	0.922851562500
3327	0.917968750000
3328	0.927734375000
3329	0.916748046875
3330	0.921630859375
3331	0.922851562500
3332	0.921630859375
3333	0.921630859375
3334	0.915527343750
3335	0.921630859375
3336	0.930175781250
3337	0.921630859375
3338	0.920410156250
3339	0.917968750000
3340	0.921630859375
3341	0.926513671875
3342	0.926513671875
3343	0.917968750000
3344	0.930175781250
3345	0.916748046875
3346	0.917968750000
3347	0.922851562500
3348	0.926513671875
3349	0.921630859375
3350	0.922851562500
3351	0.909423828125
3352	0.930175781250
3353	0.917968750000
3354	0.924072265625
3355	0.922851562500
3356	0.917968750000
3357	0.917968750000
3358	0.922851562500
3359	0.913085937500
3360	0.933837890625
3361	0.917968750000
3362	0.915527343750
3363	0.922851562500
3364	0.909423828125
3365	0.922851562500
3366	0.926513671875
3367	0.917968750000
3368	0.926513671875
3369	0.916748046875
3370	0.921630859375
3371	0.926513671875
3372	0.921630859375
3373	0.917968750000
3374	0.920410156250
3375	0.916748046875
3376	0.933837890625
3377	0.917968750000
3378	0.919189453125
3379	0.917968750000
3380	0.920410156250
3381	0.920410156250
3382	0.926513671875
3383	0.919189453125
3384	0.925292968750
3385	0.917968750000
3386	0.914306640625
3387	0.928955078125
3388	0.908203125000
3389	0.921630859375
3390	0.922851562500
3391	0.916748046875
3392	0.922851562500
3393	0.926513671875
3394	0.917968750000
3395	0.926513671875
3396	0.917968750000
3397	0.913085937500
3398	0.922851562500
3399	0.920410156250
3400	0.927734375000
3401	0.922851562500
3402	0.915527343750
3403	0.927734375000
3404	0.917968750000
3405	0.916748046875
3406	0.926513671875
3407	0.916748046875
3408	0.924072265625
3409	0.919189453125
3410	0.924072265625
3411	0.930175781250
3412	0.917968750000
3413	0.917968750000
3414	0.922851562500
3415	0.924072265625
3416	0.926513671875
3417	0.916748046875
3418	0.919189453125
3419	0.914306640625
3420	0.924072265625
3421	0.920410156250
3422	0.922851562500
3423	0.925292968750
3424	0.916748046875
3425	0.913085937500
3426	0.927734375000
3427	0.921630859375
3428	0.924072265625
3429	0.925292968750
3430	0.911865234375
3431	0.917968750000
3432	0.930175781250
3433	0.919189453125
3434	0.920410156250
3435	0.924072265625
3436	0.916748046875
3437	0.916748046875
3438	0.933837890625
3439	0.920410156250
3440	0.916748046875
3441	0.924072265625
3442	0.921630859375
3443	0.924072265625
3444	0.917968750000
3445	0.919189453125
3446	0.925292968750
3447	0.916748046875
3448	0.921630859375
3449	0.921630859375
3450	0.925292968750
3451	0.925292968750
3452	0.917968750000
3453	0.914306640625
3454	0.922851562500
3455	0.920410156250
3456	0.926513671875
3457	0.925292968750
3458	0.920410156250
3459	0.927734375000
3460	0.920410156250
3461	0.917968750000
3462	0.925292968750
3463	0.919189453125
3464	0.915527343750
3465	0.920410156250
3466	0.921630859375
3467	0.926513671875
3468	0.920410156250
3469	0.916748046875
3470	0.922851562500
3471	0.917968750000
3472	0.925292968750
3473	0.925292968750
3474	0.922851562500
3475	0.921630859375
3476	0.920410156250
3477	0.916748046875
3478	0.931396484375
3479	0.920410156250
3480	0.920410156250
3481	0.919189453125
3482	0.917968750000
3483	0.928955078125
3484	0.921630859375
3485	0.919189453125
3486	0.920410156250
3487	0.914306640625
3488	0.922851562500
3489	0.922851562500
3490	0.926513671875
3491	0.926513671875
3492	0.921630859375
3493	0.916748046875
3494	0.926513671875
3495	0.922851562500
3496	0.921630859375
3497	0.921630859375
3498	0.916748046875
3499	0.924072265625
3500	0.921630859375
3501	0.920410156250
3502	0.922851562500
3503	0.916748046875
3504	0.915527343750
3505	0.917968750000
3506	0.919189453125
3507	0.927734375000
3508	0.917968750000
3509	0.913085937500
3510	0.922851562500
3511	0.913085937500
3512	0.925292968750
3513	0.922851562500
3514	0.922851562500
3515	0.917968750000
3516	0.919189453125
3517	0.917968750000
3518	0.932617187500
3519	0.922851562500
3520	0.921630859375
3521	0.915527343750
3522	0.920410156250
3523	0.927734375000
3524	0.921630859375
3525	0.917968750000
3526	0.921630859375
3527	0.916748046875
3528	0.925292968750
3529	0.922851562500
3530	0.924072265625
3531	0.926513671875
3532	0.914306640625
3533	0.917968750000
3534	0.925292968750
3535	0.922851562500
3536	0.922851562500
3537	0.917968750000
3538	0.915527343750
3539	0.916748046875
3540	0.922851562500
3541	0.920410156250
3542	0.922851562500
3543	0.917968750000
3544	0.916748046875
3545	0.920410156250
3546	0.921630859375
3547	0.917968750000
3548	0.932617187500
3549	0.911865234375
3550	0.915527343750
3551	0.925292968750
3552	0.922851562500
3553	0.916748046875
3554	0.931396484375
3555	0.916748046875
3556	0.922851562500
3557	0.926513671875
3558	0.926513671875
3559	0.915527343750
3560	0.927734375000
3561	0.919189453125
3562	0.920410156250
3563	0.924072265625
3564	0.922851562500
3565	0.917968750000
3566	0.919189453125
3567	0.917968750000
3568	0.925292968750
3569	0.924072265625
3570	0.922851562500
3571	0.927734375000
3572	0.917968750000
3573	0.916748046875
3574	0.925292968750
3575	0.925292968750
3576	0.927734375000
3577	0.913085937500
3578	0.916748046875
3579	0.917968750000
3580	0.924072265625
3581	0.921630859375
3582	0.925292968750
3583	0.916748046875
3584	0.931396484375
3585	0.916748046875
3586	0.921630859375
3587	0.926513671875
3588	0.921630859375
3589	0.919189453125
3590	0.917968750000
3591	0.917968750000
3592	0.932617187500
3593	0.919189453125
3594	0.917968750000
3595	0.916748046875
3596	0.920410156250
3597	0.925292968750
3598	0.921630859375
3599	0.916748046875
3600	0.921630859375
3601	0.911865234375
3602	0.921630859375
3603	0.922851562500
3604	0.922851562500
3605	0.920410156250
3606	0.916748046875
3607	0.917968750000
3608	0.931396484375
3609	0.920410156250
3610	0.925292968750
3611	0.920410156250
3612	0.917968750000
3613	0.921630859375
3614	0.922851562500
3615	0.919189453125
3616	0.928955078125
3617	0.911865234375
3618	0.917968750000
3619	0.921630859375
3620	0.921630859375
3621	0.931396484375
3622	0.926513671875
3623	0.915527343750
3624	0.922851562500
3625	0.919189453125
3626	0.922851562500
3627	0.917968750000
3628	0.917968750000
3629	0.921630859375
3630	0.921630859375
3631	0.917968750000
3632	0.927734375000
3633	0.917968750000
3634	0.925292968750
3635	0.917968750000
3636	0.922851562500
3637	0.926513671875
3638	0.922851562500
3639	0.922851562500
3640	0.922851562500
3641	0.915527343750
3642	0.922851562500
3643	0.920410156250
3644	0.924072265625
3645	0.926513671875
3646	0.915527343750
3647	0.915527343750
